3
[[ 7.      2.5     8.      0.97    1.024   6.1     3.5     8.1   ]
 [ 8.      3.7     9.      0.97    1.0267  7.3     5.4     8.7   ]
 [ 8.      6.1    13.      0.94    1.0203  8.4     6.4     9.6   ]
 [ 7.      3.8    15.      0.94    1.0142  6.4     4.3     9.4   ]
 [ 3.      4.     12.      0.9     1.0183  4.4     1.4     7.4   ]
 [ 6.      5.2    11.      0.91    1.0152  7.2     4.2     9.1   ]
 [ 7.      4.8    12.      0.92    1.0199  6.1     4.3     7.4   ]]
1.0
[[ 6.      4.3    12.      0.94    1.0173  5.4     0.8     8.1   ]
 [ 1.      1.5     7.      0.94    1.0257  0.8    -2.6     7.    ]
 [ 3.      1.8     5.      0.97    1.0357 -0.8    -4.      4.3   ]
 [ 6.      4.      8.      0.87    1.0352  2.1    -1.2     4.4   ]
 [ 5.      5.4    12.      0.85    1.0276  0.7    -0.6     2.6   ]
 [ 7.      4.2    10.      0.83    1.0173  2.     -0.9     3.6   ]
 [ 8.      2.      5.      0.98    1.0215  2.9     1.5     4.    ]]
1.0
[[ 7.      2.7     7.      0.9     1.0351  3.2     2.      5.4   ]
 [ 8.      2.6     9.      0.95    1.0358  5.4     2.7     6.9   ]
 [ 7.      4.7    13.      0.93    1.0305  6.4     4.8     7.5   ]
 [ 7.      6.2    16.      0.84    1.0269  6.6     4.1     8.6   ]
 [ 7.      2.9     9.      0.87    1.0321  3.9     1.3     5.6   ]
 [ 7.      3.8    11.      0.87    1.0293  5.2     3.6     6.1   ]
 [ 6.      3.7    12.      0.87    1.0257  5.2     2.3     7.8   ]]
1.0
[[ 6.      4.     14.      0.9     1.0115  4.7     3.      6.1   ]
 [ 6.      3.3    11.      0.85    1.0188  1.1    -4.      4.4   ]
 [ 3.      1.7     6.      0.76    1.0254 -2.8    -7.7     0.9   ]
 [ 5.      3.1     9.      0.83    1.0283  0.5    -1.4     2.8   ]
 [ 7.      3.3     7.      0.89    1.0313  2.4    -1.1     5.5   ]
 [ 7.      5.4    11.      0.86    1.027   2.4     0.5     3.8   ]
 [ 7.      7.1    18.      0.86    1.0135  3.2    -0.4     5.9   ]]
1.0
[[ 8.      9.4    21.      0.87    0.9961  9.      5.5    11.3   ]
 [ 7.      6.3    18.      0.82    1.0098  9.1     7.2    10.3   ]
 [ 8.      7.3    20.      0.87    1.0184  9.7     8.7    10.8   ]
 [ 8.      6.9    15.      0.82    1.0163  9.      7.6    10.2   ]
 [ 4.      4.7    12.      0.87    1.0171  7.4     6.      9.    ]
 [ 5.      3.8    11.      0.85    1.0308  6.4     3.4     9.1   ]
 [ 8.      6.4    14.      0.91    1.0308  7.6     5.6     9.2   ]]
1.0
[[ 5.      4.9    11.      0.75    1.0272  8.4     6.1    11.8   ]
 [ 8.      4.6    11.      0.88    1.0183  7.6     5.4     8.9   ]
 [ 7.      6.8    17.      0.87    1.0106  7.9     6.3     9.4   ]
 [ 5.      7.3    16.      0.79    1.0035  8.6     6.3    11.9   ]
 [ 6.      6.3    17.      0.73    1.0183  6.5     4.9     8.5   ]
 [ 5.      5.8    16.      0.82    1.0163  5.8     3.5     8.2   ]
 [ 1.      3.9    10.      0.83    1.0267  4.6     0.5     8.9   ]]
1.0
[[ 4.      5.8    16.      0.86    1.0183  4.5     2.1     6.9   ]
 [ 4.      4.3    15.      0.82    1.0175  5.2     1.5     8.3   ]
 [ 5.      3.7    10.      0.88    1.0195  4.5    -0.8     8.    ]
 [ 7.      3.5    10.      0.86    1.0118  6.6     4.3     9.1   ]
 [ 6.      5.4    16.      0.79    0.9994  3.7     0.3     6.3   ]
 [ 6.      4.4    16.      0.78    1.0073  3.6     0.9     7.9   ]
 [ 8.      4.8    13.      0.89    1.0008  4.9     0.8     8.4   ]]
1.0
[[ 6.      4.6    14.      0.86    1.0087  4.8     1.3     6.8   ]
 [ 3.      2.3    11.      0.84    1.0275  2.2    -2.8     7.8   ]
 [ 7.      2.8     8.      0.91    1.0274  2.2    -3.7     6.    ]
 [ 7.      2.1     7.      0.96    1.0248  2.8    -0.7     6.5   ]
 [ 4.      2.8     9.      0.88    1.0232  5.1    -1.5    10.    ]
 [ 8.      4.6    11.      0.82    1.0202  7.8     4.3     9.7   ]
 [ 3.      3.4    11.      0.83    1.025   5.4     2.9     9.2   ]]
1.0
[[ 2.      2.7     7.      0.82    1.0305  3.4    -0.7     9.5   ]
 [ 7.      5.5    13.      0.72    1.0203  7.6     0.6    12.3   ]
 [ 6.      6.7    18.      0.8     1.0108  9.2     5.3    12.7   ]
 [ 6.      6.9    18.      0.87    1.0036  6.5     3.9     8.8   ]
 [ 6.      4.3    13.      0.83    1.0046  5.3     2.6     8.2   ]
 [ 6.      6.8    20.      0.86    1.0149  4.9     1.4     8.2   ]
 [ 7.      6.9    21.      0.82    1.0034  6.9     3.3    10.2   ]]
1.0
[[ 4.      4.3    19.      0.81    1.021   1.9    -0.2     5.4   ]
 [ 6.      3.5    11.      0.85    1.0305  3.2    -0.4     7.5   ]
 [ 6.      6.5    14.      0.85    1.0257  6.3     3.1     8.4   ]
 [ 8.      6.3    15.      0.89    1.0205  9.6     7.5    12.9   ]
 [ 8.      7.3    16.      0.9     1.0175 11.1     9.5    12.9   ]
 [ 8.      6.5    17.      0.84    1.0206 10.7     6.4    13.6   ]
 [ 6.      3.     11.      0.87    1.0244  6.5     0.7     9.9   ]]
1.0
[[ 7.      5.3    15.      0.84    1.0182  8.7     5.3    11.6   ]
 [ 5.      2.      7.      0.82    1.0257  7.7     3.9    12.3   ]
 [ 7.      2.8     7.      0.93    1.024   7.7     3.9    10.3   ]
 [ 7.      5.     17.      0.86    1.0195  7.8     3.6    10.2   ]
 [ 5.      4.8    13.      0.75    1.0287  6.      2.      8.7   ]
 [ 7.      3.3    11.      0.89    1.0299  8.      4.9    10.4   ]
 [ 8.      3.4    11.      0.84    1.0298  8.2     4.7    10.8   ]]
1.0
[[ 8.      4.8    14.      0.86    1.0297  7.      5.5     9.1   ]
 [ 7.      3.      8.      0.85    1.0339  5.8     1.4    10.4   ]
 [ 6.      1.5     6.      0.91    1.0294  5.1    -1.1    10.9   ]
 [ 6.      1.      4.      0.87    1.0232  6.      1.4    10.1   ]
 [ 3.      1.5     4.      0.81    1.0171  7.2    -0.7    15.8   ]
 [ 6.      2.6     7.      0.85    1.0139  7.2     0.9    13.4   ]
 [ 7.      2.7     8.      0.91    1.0082  8.8     4.9    12.3   ]]
1.0
[[ 7.      2.5    12.      0.88    1.0114  8.6     5.2    11.8   ]
 [ 6.      2.8    11.      0.87    1.0085  6.3     4.4    10.5   ]
 [ 6.      3.5    12.      0.86    1.0113  5.6     3.2     9.1   ]
 [ 7.      4.7    12.      0.85    1.0175  4.1     2.5     5.2   ]
 [ 8.      5.9    12.      0.86    1.0154  5.9     4.2     7.8   ]
 [ 8.      3.6    10.      0.87    1.011   6.5     5.6     7.8   ]
 [ 8.      1.3     4.      0.84    1.0066  6.1     4.6     7.8   ]]
1.0
[[ 7.      1.3     7.      0.86    1.0038  6.2     3.      8.9   ]
 [ 7.      3.9     8.      0.78    1.001  10.      4.7    14.3   ]
 [ 7.      4.      8.      0.7     0.9906 11.9     6.8    16.8   ]
 [ 7.      4.8    16.      0.81    0.9921 10.1     4.7    16.    ]
 [ 6.      6.1    14.      0.62    1.0131  4.8     1.7     7.7   ]
 [ 3.      3.3    10.      0.74    1.0301  4.8    -2.     10.9   ]
 [ 2.      2.      7.      0.78    1.0331  5.5    -1.3    13.1   ]]
1.0
[[ 6.      1.8     6.      0.68    1.0237  6.6    -2.2    12.8   ]
 [ 2.      5.4    13.      0.61    1.0147  9.3     4.1    15.5   ]
 [ 1.      4.2    10.      0.6     1.0124  5.9     1.5    10.4   ]
 [ 5.      2.3    10.      0.68    0.9957  6.1    -2.4    12.4   ]
 [ 7.      5.3    15.      0.8     0.9889  6.2     3.9     8.5   ]
 [ 7.      5.3    17.      0.84    0.992   5.9     3.4     9.2   ]
 [ 7.      3.1    10.      0.82    0.9992  6.9     2.6    11.7   ]]
1.0
[[ 8.      4.9    15.      0.8     0.9946  8.9     5.5    13.6   ]
 [ 6.      4.7    15.      0.65    0.9985  9.3     5.4    13.3   ]
 [ 6.      5.2    16.      0.77    0.999  10.7     6.7    15.    ]
 [ 4.      4.5    11.      0.73    1.0073 10.6     6.1    15.7   ]
 [ 4.      3.      8.      0.75    1.0098 11.9     5.2    18.    ]
 [ 7.      4.     12.      0.76    1.0124 13.4     6.3    17.4   ]
 [ 7.      3.5    11.      0.73    1.0141 13.7     9.9    18.2   ]]
1.0
[[ 8.      2.7     9.      0.81    1.0108 13.3     9.2    18.1   ]
 [ 8.      2.      8.      0.95    1.0096 11.1     8.6    13.3   ]
 [ 5.      1.9     6.      0.82    1.0131 11.3     6.5    17.    ]
 [ 5.      4.2    12.      0.66    1.011  14.9     6.8    20.6   ]
 [ 4.      3.7    12.      0.74    1.0083 14.9    10.2    22.4   ]
 [ 7.      2.8     9.      0.81    1.01   15.2    10.8    19.5   ]
 [ 4.      2.5     7.      0.83    1.0061 15.8     8.4    23.    ]]
1.0
[[ 8.      2.3     8.      0.91    1.0157 11.9    10.6    14.4   ]
 [ 8.      1.9     5.      0.89    1.0218 12.5    10.9    14.9   ]
 [ 8.      3.4     9.      0.88    1.0227 12.8     9.6    17.1   ]
 [ 8.      4.4    10.      0.92    1.023  10.4     9.1    12.    ]
 [ 8.      3.3     7.      0.9     1.0206 12.     10.     14.    ]
 [ 6.      3.8     9.      0.85    1.0199 13.4    10.4    19.3   ]
 [ 1.      3.8    10.      0.56    1.0157 18.1     8.9    25.3   ]]
1.0
[[ 2.      3.8    10.      0.54    1.0139 20.1    12.3    26.5   ]
 [ 3.      3.3     8.      0.63    1.0147 19.2    13.4    27.5   ]
 [ 5.      2.      9.      0.73    1.0173 19.3    10.4    25.7   ]
 [ 4.      1.7     5.      0.74    1.0176 19.6    13.6    25.6   ]
 [ 4.      2.4    10.      0.73    1.0168 19.8    13.2    27.    ]
 [ 5.      4.4    11.      0.62    1.0187 18.4    13.1    25.1   ]
 [ 4.      3.8    10.      0.57    1.0201 18.9    11.3    26.    ]]
1.0
[[ 3.      3.     10.      0.5     1.0222 18.1    11.2    25.3   ]
 [ 1.      1.8     6.      0.56    1.023  19.2     8.7    27.1   ]
 [ 5.      2.1     8.      0.61    1.0187 20.8    10.7    28.9   ]
 [ 5.      2.9    24.      0.75    1.0126 20.2    12.4    29.6   ]
 [ 7.      5.5    17.      0.74    1.0107 13.7    10.5    16.8   ]
 [ 6.      4.8    19.      0.76    1.0063 11.4     8.2    15.2   ]
 [ 7.      3.4    13.      0.86    1.0063 10.3     6.3    13.6   ]]
1.0
[[ 4.      2.7    10.      0.76    1.0116 10.8     5.4    16.1   ]
 [ 8.      2.3     7.      0.92    1.0073 10.      5.6    12.3   ]
 [ 5.      2.      6.      0.85    1.0148 11.4     6.4    15.7   ]
 [ 7.      3.8    11.      0.85    1.0163 13.8     6.8    18.6   ]
 [ 8.      2.6    10.      0.83    1.0127 14.     11.5    18.8   ]
 [ 6.      5.7    13.      0.81    1.0096 13.2    10.3    15.3   ]
 [ 7.      3.6     8.      0.75    1.0116 13.6     8.2    17.3   ]]
1.0
[[ 6.      7.2    22.      0.71    1.0082 12.4    10.2    17.    ]
 [ 7.      7.2    26.      0.88    1.001   9.4     7.     13.3   ]
 [ 5.      3.8    13.      0.84    1.0116 10.1     5.4    14.8   ]
 [ 6.      2.1    11.      0.86    1.0143  9.8     3.6    15.    ]
 [ 4.      1.8     7.      0.69    1.0192 12.5     3.8    18.9   ]
 [ 6.      4.1    13.      0.82    1.0187 15.1    10.4    19.8   ]
 [ 4.      2.9     9.      0.8     1.0187 16.4    11.1    21.5   ]]
1.0
[[ 6.      2.4     8.      0.83    1.0177 18.1     9.9    25.2   ]
 [ 5.      3.5    10.      0.81    1.0167 16.7     8.7    21.8   ]
 [ 7.      2.      7.      0.93    1.0172 12.3     7.1    16.    ]
 [ 7.      2.8     9.      0.86    1.0184 12.8    10.1    16.3   ]
 [ 5.      3.3    11.      0.8     1.0224 12.3     6.     16.6   ]
 [ 2.      3.8    12.      0.66    1.019  15.5     5.5    22.2   ]
 [ 2.      3.8    10.      0.67    1.0112 21.2    13.7    29.6   ]]
1.0
[[ 6.      2.8     8.      0.79    1.0158 16.6    10.8    20.7   ]
 [ 5.      2.7     9.      0.78    1.0184 14.8     8.2    19.5   ]
 [ 5.      4.2    11.      0.83    1.0246 16.2    10.9    21.2   ]
 [ 7.      3.4     9.      0.85    1.0247 16.9    14.1    19.8   ]
 [ 8.      4.1    11.      0.87    1.0228 17.2    15.1    20.5   ]
 [ 5.      3.3    10.      0.77    1.0245 15.1     8.8    19.2   ]
 [ 3.      2.8     8.      0.7     1.0291 13.2     6.     18.2   ]]
1.0
[[ 1.      2.3     6.      0.64    1.0297 14.9     6.     21.2   ]
 [ 2.      2.2     7.      0.58    1.0247 21.1     8.7    28.7   ]
 [ 0.      3.5    10.      0.59    1.0176 25.7    17.4    33.5   ]
 [ 2.      2.5    11.      0.69    1.0126 25.9    17.8    33.6   ]
 [ 6.      4.2    13.      0.73    1.0124 20.5    16.2    26.9   ]
 [ 6.      4.4    14.      0.76    1.0138 16.3    13.4    20.    ]
 [ 7.      4.9    14.      0.84    1.0149 15.1    12.1    19.8   ]]
1.0
[[ 6.      3.4    11.      0.84    1.0147 13.5    11.4    17.6   ]
 [ 7.      3.4    11.      0.8     1.0188 12.7    10.4    15.1   ]
 [ 5.      3.4    12.      0.69    1.024  12.4     7.1    16.1   ]
 [ 4.      2.7     8.      0.73    1.0235 12.3     5.     17.5   ]
 [ 5.      2.6    10.      0.72    1.0204 12.4     6.1    17.2   ]
 [ 5.      3.      9.      0.65    1.0199 13.2     8.3    17.5   ]
 [ 3.      2.      9.      0.72    1.0157 13.7     5.5    19.4   ]]
1.0
[[ 8.      2.2     5.      0.87    1.0111 13.6     8.5    16.5   ]
 [ 7.      1.9     5.      0.81    1.0105 19.     14.1    24.9   ]
 [ 5.      2.      8.      0.77    1.0091 19.4    13.1    24.5   ]
 [ 7.      2.1     7.      0.84    1.0063 17.6    12.2    23.5   ]
 [ 8.      2.4     8.      0.93    1.012  15.8    14.3    19.1   ]
 [ 7.      2.3     8.      0.78    1.0194 16.5    13.2    20.2   ]
 [ 7.      5.     12.      0.73    1.0163 14.     10.5    17.    ]]
1.0
[[ 7.      2.7     9.      0.86    1.0146 12.7     6.4    15.8   ]
 [ 8.      4.5    11.      0.94    0.9996 13.8    12.6    14.9   ]
 [ 7.      5.3    13.      0.82    0.9899 15.2    12.     19.8   ]
 [ 7.      4.2    13.      0.87    0.9992 13.3    11.7    16.    ]
 [ 4.      3.5    11.      0.68    1.013  13.9     9.5    17.7   ]
 [ 8.      3.1     9.      0.92    1.0095 14.5    11.4    17.6   ]
 [ 7.      3.1    13.      0.87    1.0065 13.2    10.4    16.8   ]]
1.0
[[ 7.      3.     10.      0.87    1.0101 12.8    10.6    16.1   ]
 [ 7.      3.     10.      0.84    1.0145 14.2    12.5    18.2   ]
 [ 8.      2.6     8.      0.86    1.0187 13.6    12.     16.2   ]
 [ 7.      3.      8.      0.78    1.0194 14.     12.5    17.2   ]
 [ 6.      3.1    10.      0.78    1.0198 16.1    10.8    20.2   ]
 [ 4.      2.4     9.      0.76    1.0217 16.3     9.1    22.2   ]
 [ 5.      3.3     8.      0.8     1.0241 14.6    11.2    17.6   ]]
1.0
[[ 6.      2.8     8.      0.88    1.0207 15.1    10.5    19.8   ]
 [ 5.      3.5     9.      0.85    1.0156 16.5    13.6    21.3   ]
 [ 7.      4.9    11.      0.82    1.0057 18.4    14.6    23.8   ]
 [ 8.      3.6    10.      0.88    1.0053 17.     14.2    21.6   ]
 [ 8.      1.4     5.      0.87    1.0108 15.5    13.6    17.8   ]
 [ 6.      1.6     5.      0.85    1.0139 16.5    10.1    21.6   ]
 [ 6.      2.4    11.      0.86    1.0134 17.     11.5    22.1   ]]
1.0
[[ 5.      2.      7.      0.93    1.0158 15.9    11.7    20.6   ]
 [ 5.      1.8     8.      0.87    1.0215 16.8    10.9    22.2   ]
 [ 4.      2.      6.      0.81    1.0231 18.3    11.6    23.2   ]
 [ 5.      2.5     8.      0.77    1.0172 21.     15.3    27.7   ]
 [ 4.      4.1    11.      0.78    1.0149 18.2    13.4    22.9   ]
 [ 6.      3.4    10.      0.81    1.0156 17.3    13.1    22.5   ]
 [ 4.      1.8     6.      0.84    1.0207 16.5    10.6    21.8   ]]
1.0
[[ 3.      1.8     6.      0.82    1.0241 16.6    11.7    21.7   ]
 [ 5.      2.4     8.      0.85    1.0224 17.5    10.5    22.4   ]
 [ 7.      2.      7.      0.81    1.0222 18.6    15.3    22.4   ]
 [ 5.      2.5     8.      0.85    1.0206 17.3    13.     22.3   ]
 [ 5.      2.      8.      0.8     1.0199 18.4    10.7    23.8   ]
 [ 7.      3.2    10.      0.86    1.0152 18.7    16.8    20.9   ]
 [ 5.      2.      7.      0.75    1.0155 18.9    12.8    23.5   ]]
1.0
[[ 1.      1.5     6.      0.77    1.0154 17.6     9.7    23.9   ]
 [ 3.      2.8     9.      0.73    1.0167 21.7    11.9    28.9   ]
 [ 7.      2.8     9.      0.82    1.0178 21.7    17.8    27.1   ]
 [ 6.      3.4     9.      0.83    1.0185 18.2    11.7    22.4   ]
 [ 7.      3.3    14.      0.77    1.0148 18.3    12.5    23.4   ]
 [ 4.      4.1    14.      0.77    1.0123 17.9    11.5    23.3   ]
 [ 6.      2.4     8.      0.75    1.0138 17.6    10.9    23.    ]]
1.0
[[ 7.      2.3    10.      0.84    1.0116 18.6    14.1    24.    ]
 [ 6.      2.3     9.      0.82    1.0126 17.5    12.3    23.9   ]
 [ 5.      2.      6.      0.83    1.0153 15.6    10.7    20.3   ]
 [ 4.      1.5     7.      0.84    1.0204 15.3     8.6    21.2   ]
 [ 1.      3.2     8.      0.75    1.0246 15.5     9.5    21.3   ]
 [ 3.      1.7     7.      0.7     1.0241 15.6     7.4    22.9   ]
 [ 4.      2.1     7.      0.85    1.0222 16.3     9.7    21.2   ]]
1.0
[[ 5.      4.3    13.      0.72    1.0119 19.5    12.6    26.2   ]
 [ 7.      1.8     7.      0.94    1.0145 16.7    12.8    20.5   ]
 [ 4.      2.3    13.      0.91    1.0184 14.4     9.3    19.9   ]
 [ 4.      2.2     7.      0.86    1.0196 14.6     8.7    21.4   ]
 [ 3.      1.5     7.      0.83    1.0182 13.9     6.8    20.2   ]
 [ 4.      1.7     5.      0.83    1.0121 14.4     7.7    20.2   ]
 [ 7.      3.3    11.      0.82    1.003  15.7    11.3    21.1   ]]
1.0
[[ 7.      2.7     9.      0.91    1.0035 14.5    12.4    18.1   ]
 [ 7.      3.     11.      0.77    1.0139 14.9    12.3    18.6   ]
 [ 7.      2.3     9.      0.85    1.0212 13.8    10.6    16.6   ]
 [ 7.      2.8     8.      0.81    1.0212 15.4     9.2    21.3   ]
 [ 7.      5.     15.      0.85    1.0093 15.1    13.2    17.1   ]
 [ 7.      3.9    14.      0.74    1.0141 15.9    14.8    18.6   ]
 [ 8.      4.3    10.      0.94    1.0188 17.4    15.1    19.2   ]]
1.0
[[ 7.      2.      7.      0.96    1.0233 17.3    13.7    20.1   ]
 [ 5.      1.2     5.      0.92    1.023  17.     11.6    23.2   ]
 [ 3.      2.5     8.      0.88    1.0173 18.4    12.4    23.9   ]
 [ 5.      3.2     9.      0.89    1.0106 17.6    14.2    21.1   ]
 [ 6.      2.5    10.      0.87    1.0129 16.     10.4    20.6   ]
 [ 6.      1.4     6.      0.89    1.0152 15.2     9.4    21.    ]
 [ 7.      2.7    13.      0.89    1.0101 16.6    11.7    21.4   ]]
1.0
[[ 5.      2.8    13.      0.88    1.0039 15.5    12.1    20.1   ]
 [ 5.      1.6     6.      0.97    1.01   13.      8.8    16.2   ]
 [ 7.      3.7    10.      0.84    1.0066 15.9    12.2    20.3   ]
 [ 5.      5.2    14.      0.77    1.0023 17.4    13.     22.1   ]
 [ 8.      2.7    11.      0.92    1.0069 14.8    13.1    17.    ]
 [ 5.      2.      6.      0.9     1.0163 13.7    10.5    18.5   ]
 [ 5.      3.1     9.      0.87    1.0219 15.4     9.     21.1   ]]
1.0
[[ 5.      3.8     9.      0.82    1.0225 16.5    12.2    20.8   ]
 [ 5.      4.     12.      0.79    1.0177 14.7     9.7    20.    ]
 [ 5.      2.4     8.      0.86    1.0209 15.2    11.4    20.5   ]
 [ 7.      2.8     8.      0.84    1.0172 16.9    13.1    23.2   ]
 [ 6.      3.7    10.      0.82    1.0136 16.1    13.9    20.3   ]
 [ 8.      4.3    11.      0.89    1.0045 15.8    14.6    17.2   ]
 [ 7.      2.3     7.      0.89    1.0031 16.9    14.5    19.6   ]]
1.0
[[ 7.      2.1     6.      0.9     1.0054 15.9    12.9    19.6   ]
 [ 7.      1.6     6.      0.98    1.0058 13.8    10.3    16.3   ]
 [ 4.      2.9     8.      0.92    1.0065 12.4     9.7    16.7   ]
 [ 5.      3.      8.      0.85    1.0198 12.7     7.9    16.6   ]
 [ 7.      2.9     9.      0.92    1.0195 12.2     9.2    15.6   ]
 [ 7.      2.8    13.      0.91    1.0164 12.1     8.4    18.    ]
 [ 6.      2.5    13.      0.89    1.0215  9.2     4.9    14.    ]]
1.0
[[ 2.      2.2     7.      0.86    1.0228  8.4     3.9    14.5   ]
 [ 7.      3.8    10.      0.94    1.0139 10.1     5.5    12.6   ]
 [ 5.      3.7    14.      0.86    1.0059  9.6     3.     14.6   ]
 [ 6.      6.9    17.      0.86    0.9858  9.4     7.7    12.1   ]
 [ 5.      7.1    19.      0.82    0.9792 10.4     7.8    13.6   ]
 [ 4.      5.1    13.      0.8     0.9954 11.7     8.8    15.2   ]
 [ 4.      3.2    10.      0.87    1.0096 11.6     6.7    16.4   ]]
1.0
[[ 8.      2.      6.      0.97    1.0172  9.8     6.2    12.3   ]
 [ 8.      2.7    10.      0.98    1.011  10.3     7.8    12.7   ]
 [ 8.      4.9    19.      0.93    1.0049 12.3    10.7    15.5   ]
 [ 3.      3.2     9.      0.89    1.0213 10.2     4.1    15.6   ]
 [ 7.      4.2    11.      0.9     1.0205  9.9     4.5    12.2   ]
 [ 6.      2.6     9.      0.93    1.0182 10.7     4.     16.3   ]
 [ 6.      4.1    10.      0.91    1.0185 11.3     3.6    16.2   ]]
1.0
[[ 8.      3.5     8.      0.87    1.0198 14.9    12.1    18.4   ]
 [ 6.      2.3     6.      0.88    1.0248 14.9    10.4    19.2   ]
 [ 5.      4.5    14.      0.88    1.0181 14.6    11.2    19.8   ]
 [ 7.      5.3    12.      0.88    1.0162 12.2    11.4    14.5   ]
 [ 7.      6.2    18.      0.84    1.0072 12.2     8.7    15.2   ]
 [ 6.      3.9    13.      0.84    1.0112 10.2     7.6    13.7   ]
 [ 8.      5.     13.      0.98    1.0135 10.8     7.7    12.8   ]]
1.0
[[ 8.      5.6    13.      0.95    1.0091 13.2    11.6    14.4   ]
 [ 5.      8.2    20.      0.8     1.0043 10.1     8.1    13.1   ]
 [ 6.     10.3    24.      0.85    0.9878 10.5     7.9    13.5   ]
 [ 4.      7.     17.      0.85    0.992   9.2     7.3    12.    ]
 [ 4.      5.6    16.      0.89    0.997   7.6     5.8    10.    ]
 [ 4.      5.8    16.      0.88    0.9949  7.8     5.3    11.4   ]
 [ 3.      4.5    12.      0.82    0.9963  7.7     5.2    11.4   ]]
1.0
[[ 4.      4.1    10.      0.91    1.0066  6.8     3.8    11.1   ]
 [ 5.      4.9    15.      0.85    1.0056  7.1     3.9    10.5   ]
 [ 7.      7.2    15.      0.81    0.9815  9.4     7.     11.6   ]
 [ 8.      4.7    14.      0.9     0.9791  8.5     6.5     9.6   ]
 [ 8.      5.6    13.      0.91    0.9877  8.2     6.9     9.4   ]
 [ 8.      5.4    12.      0.94    1.002   7.8     7.1     9.    ]
 [ 7.      5.1    11.      0.91    1.0138  7.1     5.3     9.1   ]]
1.0
[[ 8.      6.3    14.      0.81    1.0133  8.6     5.8    10.5   ]
 [ 8.      5.7    13.      0.89    1.      8.7     7.9     9.8   ]
 [ 7.      3.3     9.      0.93    0.9991  7.9     5.9    10.1   ]
 [ 5.      2.6     7.      0.94    1.0053  5.6     1.6     9.4   ]
 [ 6.      3.9    10.      0.94    1.0096  5.7     3.6     7.5   ]
 [ 7.      5.1    12.      0.92    1.0066  7.2     5.1     9.2   ]
 [ 4.      3.3     9.      0.93    1.0099  5.      2.1     8.2   ]]
1.0
[[ 7.      5.4    14.      0.91    1.0077  6.4     3.      8.4   ]
 [ 7.      5.7    14.      0.92    0.9957  9.1     7.6    11.6   ]
 [ 6.      4.3    10.      0.91    0.9983  6.3     3.9     7.9   ]
 [ 6.      5.7    12.      0.86    1.0006  6.2     3.9     7.9   ]
 [ 4.      5.9    14.      0.83    1.0012  8.6     6.1    11.1   ]
 [ 7.      4.3     9.      0.93    1.0005  8.4     4.2    11.3   ]
 [ 5.      4.5    11.      0.9     1.0058  7.      4.4     9.2   ]]
1.0
[[ 7.      5.8    13.      0.89    1.0021  7.2     4.1     9.6   ]
 [ 5.      5.8    14.      0.88    0.9982  7.6     6.2     9.4   ]
 [ 5.      4.3    10.      0.91    1.0127  6.6     4.4     8.6   ]
 [ 7.      5.4    13.      0.92    1.0102 11.9     7.2    14.8   ]
 [ 6.      3.9     8.      0.87    1.0075 11.1     9.4    13.6   ]
 [ 5.      3.5    10.      0.89    1.0142 10.6     8.6    12.4   ]
 [ 7.      5.2    12.      0.88    1.0094 11.6     9.7    13.5   ]]
1.0
[[ 6.      3.4     9.      0.93    1.0128 10.5     8.1    12.5   ]
 [ 4.      3.8    11.      0.93    1.015   8.4     4.3    10.8   ]
 [ 5.      5.4    13.      0.89    1.0123  7.      3.9     9.4   ]
 [ 5.      4.8    10.      0.84    1.0109  9.6     6.4    12.2   ]
 [ 7.      4.4    13.      0.91    1.0092 10.9     8.3    12.3   ]
 [ 7.      4.7    12.      0.93    1.0042  9.8     7.4    11.7   ]
 [ 5.      6.7    19.      0.78    0.9995 12.2     9.9    14.9   ]]
1.0
[[ 5.      5.8    15.      0.84    1.0084  9.4     7.4    11.1   ]
 [ 7.      6.7    21.      0.86    1.0076  9.6     7.1    11.7   ]
 [ 7.      7.3    18.      0.86    1.0151 12.      9.5    13.4   ]
 [ 8.      6.8    15.      0.92    1.0117 13.1    12.2    13.9   ]
 [ 6.     10.2    28.      0.78    1.0055 10.8     9.2    12.9   ]
 [ 6.      5.5    17.      0.87    1.0027  7.4     5.2    10.    ]
 [ 7.      4.8    14.      0.89    1.0025  5.6     3.8     7.2   ]]
1.0
[[ 7.      4.1    12.      0.89    1.0095  4.1     3.1     5.1   ]
 [ 5.      2.6     7.      0.94    1.0139  2.5    -0.5     5.5   ]
 [ 8.      2.3     5.      0.93    1.0175  3.2     0.6     4.2   ]
 [ 4.      4.      9.      0.92    1.0216  2.7     0.8     6.2   ]
 [ 3.      6.2    14.      0.8     1.021   1.6     0.3     3.1   ]
 [ 1.      4.9    11.      0.72    1.0219 -0.1    -2.2     2.5   ]
 [ 1.      2.8     6.      0.78    1.0184 -2.3    -4.7     1.    ]]
1.0
[[ 3.      1.4     4.      0.91    1.0115 -2.     -6.6     1.8   ]
 [ 8.      2.8     9.      0.97    1.0028  0.6     0.      1.1   ]
 [ 5.      6.     14.      0.84    1.0006 -0.6    -3.8     0.9   ]
 [ 7.      4.5    11.      0.82    0.9947 -2.2    -4.6    -0.7   ]
 [ 8.      3.      7.      0.93    0.9912 -1.     -1.6    -0.4   ]
 [ 7.      4.2    16.      0.91    0.9934  0.5    -2.      2.7   ]
 [ 5.      5.3    13.      0.88    0.9952  0.6    -1.3     3.3   ]]
1.0
[[ 6.      2.8    10.      0.92    1.0011  1.7    -0.7     3.5   ]
 [ 5.      3.7    12.      0.92    1.0132 -0.1    -4.5     2.3   ]
 [ 8.      5.8    15.      0.91    0.9966  3.4     1.      6.3   ]
 [ 6.      6.     15.      0.83    0.9918  8.7     5.6    11.2   ]
 [ 6.      5.3    13.      0.86    1.0009  6.7     4.5     9.9   ]
 [ 8.      6.2    14.      0.89    0.9949  7.8     5.8     9.1   ]
 [ 8.      5.9    20.      0.92    0.9874  7.6     6.2    10.7   ]]
1.0
[[ 5.      4.     10.      0.92    0.9983  5.9     4.1     7.6   ]
 [ 6.      4.4    11.      0.91    1.008   5.2     3.6     6.8   ]
 [ 5.      3.8    10.      0.94    1.0116  3.9     1.3     5.5   ]
 [ 5.      2.5     7.      0.94    1.0142  4.      1.1     5.5   ]
 [ 8.      3.8     9.      0.92    1.0134  2.4     0.5     4.1   ]
 [ 3.      4.9    12.      0.76    1.0235  1.2    -1.8     4.    ]
 [ 4.      2.4     7.      0.86    1.0291  0.7    -3.7     5.2   ]]
1.0
[[ 1.      3.5     9.      0.84    1.0356 -1.1    -3.2     3.1   ]
 [ 4.      3.6    11.      0.9     1.0351 -1.9    -5.3     0.7   ]
 [ 0.      4.1     9.      0.81    1.0281 -2.1    -4.8     1.5   ]
 [ 1.      2.5     5.      0.79    1.0246 -3.1    -6.4     1.9   ]
 [ 2.      1.3     3.      0.84    1.0201 -4.8    -9.      1.    ]
 [ 6.      1.      3.      0.95    1.0194 -3.7    -8.8    -0.5   ]
 [ 8.      1.3     4.      0.99    1.0219 -0.5    -1.3     0.3   ]]
1.0
[[ 8.      2.4     6.      0.98    1.0238  0.1    -1.      1.3   ]
 [ 7.      4.3    12.      0.91    1.0208 -0.1    -1.8     0.7   ]
 [ 8.      3.7     9.      0.98    1.0055  2.8     0.6     5.7   ]
 [ 7.      5.3    13.      0.92    0.9972  7.      4.8    10.7   ]
 [ 5.      6.3    18.      0.85    0.9947  8.4     3.     11.9   ]
 [ 5.      4.2     9.      0.92    1.0014  5.5     3.      8.1   ]
 [ 6.      4.4    12.      0.9     0.9993  4.5     2.6     6.1   ]]
1.0
[[ 8.      4.2    12.      0.91    0.9941  4.2     3.      5.6   ]
 [ 6.      2.6     9.      0.94    1.0031  4.      1.4     7.7   ]
 [ 6.      1.2     4.      0.9     1.0169  2.3    -1.1     6.    ]
 [ 5.      1.6     3.      0.98    1.0226  0.7    -2.9     4.2   ]
 [ 7.      2.      5.      0.98    1.0251  1.1    -0.2     3.4   ]
 [ 8.      2.      5.      0.99    1.028   0.6    -1.6     3.1   ]
 [ 8.      3.      8.      0.99    1.0176  0.5    -0.1     1.6   ]]
1.0
[[ 8.      2.8     8.      0.98    1.0044  0.6    -0.5     4.    ]
 [ 8.      3.2    12.      0.98    0.9996  2.7    -0.2     9.3   ]
 [ 7.      6.5    16.      0.9     0.993   8.8     7.9    10.2   ]
 [ 8.      6.4    19.      0.86    0.9979 10.6     8.6    12.9   ]
 [ 7.      4.8    13.      0.84    1.0006 10.1     9.     12.3   ]
 [ 8.      5.6    16.      0.85    0.9956  8.6     2.7    11.7   ]
 [ 6.      2.3     7.      0.84    1.0177  2.7    -2.4     7.    ]]
1.0
[[ 5.      3.7    12.      0.86    1.0304  2.5    -3.2     7.    ]
 [ 8.      6.1    13.      0.87    1.0287  9.9     5.     12.5   ]
 [ 8.      5.2    13.      0.88    1.0232 10.      5.8    12.9   ]
 [ 5.      3.8    12.      0.87    1.0344  5.8     1.      9.4   ]
 [ 5.      2.      5.      0.97    1.0349  3.3    -0.3     7.3   ]
 [ 0.      1.4     4.      0.84    1.0315  4.3    -1.6    13.2   ]
 [ 6.      2.4     7.      0.98    1.0301  2.4    -1.6     5.    ]]
1.0
[[ 7.      3.5    11.      0.84    1.0393  4.1     0.9     5.3   ]
 [ 7.      2.1    10.      0.83    1.0404  4.8    -0.2     8.6   ]
 [ 7.      3.5    10.      0.88    1.0359  5.1     2.8     6.7   ]
 [ 7.      3.4     9.      0.88    1.0324  5.3     2.1     8.8   ]
 [ 7.      3.3    10.      0.93    1.0247  6.4     3.     10.1   ]
 [ 6.      4.2    16.      0.87    1.0141  5.5     1.9     8.9   ]
 [ 6.      2.6    11.      0.86    1.0052  2.6    -0.7     6.4   ]]
1.0
[[ 4.      3.5    10.      0.77    1.0112 -1.     -3.8     2.    ]
 [ 6.      3.8    11.      0.91    1.0098  1.     -2.6     4.2   ]
 [ 5.      3.8     9.      0.85    1.0049  1.9    -0.4     5.6   ]
 [ 7.      4.9    11.      0.71    0.996   2.2    -0.3     5.1   ]
 [ 7.      2.1     6.      0.81    0.994   3.8     1.1     7.1   ]
 [ 8.      1.8     5.      0.94    0.9946  1.9     0.8     3.6   ]
 [ 6.      2.9    10.      0.86    0.9991  1.3    -2.1     4.2   ]]
1.0
[[ 5.      3.5    10.      0.73    0.9984 -1.1    -3.6     0.6   ]
 [ 8.      3.3     6.      0.83    0.9985  1.3    -1.5     3.7   ]
 [ 5.      2.5     6.      0.74    1.0189  1.8    -1.6     4.6   ]
 [ 2.      4.6    12.      0.73    1.0194  3.3    -2.2     9.2   ]
 [ 7.      3.8    11.      0.87    1.0091  7.5     3.7    13.7   ]
 [ 8.      3.9    14.      0.94    1.0011  8.8     6.3    10.8   ]
 [ 8.      4.8    11.      0.91    1.0004  9.3     7.3    11.2   ]]
1.0
[[ 8.      4.3    13.      0.95    1.001   9.9     8.7    11.7   ]
 [ 8.      4.7    17.      0.93    1.0035 11.1     8.8    13.2   ]
 [ 5.      5.1    17.      0.77    1.0021  8.4     4.4    11.7   ]
 [ 6.      5.4    14.      0.86    0.9981  5.9     3.7     8.4   ]
 [ 4.      4.1    12.      0.82    1.0059  5.4     0.     10.1   ]
 [ 6.      1.5     6.      0.86    1.0086  6.     -0.6    11.8   ]
 [ 8.      3.3    10.      0.85    1.01    7.      5.1     9.5   ]]
1.0
[[ 8.      4.4    12.      0.92    1.0021  3.4     2.2     5.1   ]
 [ 8.      2.5     8.      0.97    0.9988  2.7     1.7     4.5   ]
 [ 5.      4.4    14.      0.82    1.0118  1.9    -2.8     5.6   ]
 [ 6.      3.3    10.      0.74    1.0154  1.9    -3.9     7.2   ]
 [ 8.      4.8    12.      0.88    1.0014  0.9    -0.1     1.8   ]
 [ 8.      2.2     6.      0.93    1.0004  2.8     0.4     4.6   ]
 [ 8.      3.8    11.      0.97    1.0006  6.7     4.4    10.1   ]]
1.0
[[ 7.      3.6    11.      0.9     1.0015  6.4     3.3    12.1   ]
 [ 8.      5.5    12.      0.85    1.0011  2.9     1.9     3.8   ]
 [ 8.      3.6     7.      0.77    1.0118  3.      1.4     5.3   ]
 [ 7.      5.6    13.      0.74    1.0123  3.5     1.2     5.5   ]
 [ 7.      5.8    17.      0.8     1.0004  7.1     3.1    12.    ]
 [ 7.      2.3     9.      0.94    0.9964  6.6     3.7     9.4   ]
 [ 6.      2.6    10.      0.89    1.0122  6.5     1.1    10.6   ]]
1.0
[[ 6.      4.8    13.      0.81    1.0198  9.2     2.1    13.4   ]
 [ 7.      3.2     9.      0.87    1.0224 11.3     5.7    15.1   ]
 [ 4.      3.5    11.      0.69    1.0137 14.4     5.3    22.2   ]
 [ 6.      4.9    15.      0.72    1.0127 12.      9.2    16.1   ]
 [ 7.      6.5    18.      0.79    1.004   9.2     6.4    12.3   ]
 [ 6.      6.2    16.      0.79    1.0094  8.      4.8    11.8   ]
 [ 8.      5.8    15.      0.86    1.002  11.3     9.1    14.5   ]]
1.0
[[ 6.      4.4    14.      0.79    1.0017  8.9     6.3    12.7   ]
 [ 6.      2.9     9.      0.84    1.0158  6.9     3.6    10.5   ]
 [ 7.      3.3     9.      0.87    1.0148  7.8     4.7     9.8   ]
 [ 7.      3.8     9.      0.85    1.0092  9.6     7.7    13.6   ]
 [ 6.      4.6    12.      0.8     1.0221  8.4     4.2    12.    ]
 [ 4.      3.7    13.      0.75    1.0283  4.8     0.7    10.1   ]
 [ 5.      4.1    12.      0.58    1.0297  3.8    -1.5     8.    ]]
1.0
[[ 7.      3.4    10.      0.82    1.024   1.8    -4.3     8.1   ]
 [ 7.      4.5    12.      0.89    1.0067  7.6     4.6    10.3   ]
 [ 7.      3.8    13.      0.89    1.0139  6.6     4.4     9.8   ]
 [ 7.      3.9    10.      0.75    1.0155  6.1     2.7     9.2   ]
 [ 6.      4.9    18.      0.8     1.0047  5.1     2.2     8.9   ]
 [ 6.      3.8    14.      0.84    1.0059  3.9     1.2     8.6   ]
 [ 5.      2.1     8.      0.87    1.0085  3.7    -0.3     7.9   ]]
1.0
[[ 2.      3.5     9.      0.78    1.0124  5.7     0.1    11.6   ]
 [ 3.      1.7     7.      0.73    1.0075  5.9    -2.2    12.5   ]
 [ 5.      1.8     5.      0.64    1.0052  8.      0.9    12.6   ]
 [ 6.      3.9    14.      0.71    1.0066 10.4     2.3    15.2   ]
 [ 7.      3.5    11.      0.86    1.007  10.2     6.9    15.9   ]
 [ 6.      5.6    13.      0.76    1.0123 10.6     8.2    14.7   ]
 [ 7.      3.2     8.      0.81    1.013  10.6     8.     13.9   ]]
1.0
[[ 5.      4.7    15.      0.81    1.0066 10.6     6.9    14.4   ]
 [ 6.      3.7    11.      0.71    1.0069 12.6     6.     17.3   ]
 [ 7.      2.9     9.      0.81    1.0111 12.7     8.9    17.8   ]
 [ 6.      5.8    14.      0.78    1.0193 10.7     7.4    13.7   ]
 [ 5.      4.8    11.      0.66    1.0174 14.      6.1    21.2   ]
 [ 7.      2.8     9.      0.82    1.0054 12.2     8.2    17.5   ]
 [ 7.      4.     10.      0.82    1.0112  8.4     5.9    10.6   ]]
1.0
[[ 5.      5.6    14.      0.67    1.0187  8.1     5.     11.8   ]
 [ 6.      5.2    12.      0.68    1.0221 10.6     6.3    15.4   ]
 [ 3.      5.1    12.      0.66    1.0258 11.1     6.9    16.8   ]
 [ 4.      3.6     8.      0.73    1.0271 10.7     5.3    15.3   ]
 [ 2.      4.1    11.      0.66    1.0213 17.5    10.1    23.7   ]
 [ 1.      4.5    11.      0.52    1.0194 19.4    12.     25.3   ]
 [ 1.      3.2    10.      0.57    1.0212 18.7    10.1    25.5   ]]
1.0
[[ 2.      3.2    10.      0.57    1.0192 18.3     9.9    24.9   ]
 [ 6.      2.5     8.      0.56    1.011  18.7    10.5    25.6   ]
 [ 8.      2.4     9.      0.87    1.006  14.7    10.9    20.2   ]
 [ 7.      3.      9.      0.8     1.005  14.4     9.5    19.8   ]
 [ 6.      4.7    16.      0.86    1.0029 13.7    10.8    18.8   ]
 [ 6.      6.6    20.      0.75    1.0056 12.1     9.2    16.8   ]
 [ 7.      4.     13.      0.85    1.0154 11.7    10.2    14.7   ]]
1.0
[[ 3.      3.1    10.      0.76    1.0236 11.8     6.5    16.6   ]
 [ 4.      2.2     8.      0.75    1.0266 11.6     3.7    18.2   ]
 [ 5.      4.2    12.      0.71    1.0255 12.3     5.7    17.2   ]
 [ 2.      4.      9.      0.67    1.0238 13.9     6.6    20.    ]
 [ 1.      3.5    10.      0.61    1.0237 16.8     7.9    23.5   ]
 [ 2.      3.8    11.      0.71    1.0227 15.7     9.3    21.9   ]
 [ 2.      2.8     8.      0.61    1.0217 15.4     7.3    22.6   ]]
1.0
[[ 7.      2.3     7.      0.66    1.0196 16.5     7.6    23.5   ]
 [ 7.      4.     11.      0.84    1.0209 15.7    10.3    19.1   ]
 [ 7.      4.5    12.      0.85    1.0197 17.5    15.5    21.7   ]
 [ 5.      4.2    13.      0.7     1.0198 16.6    12.1    19.8   ]
 [ 4.      1.4     8.      0.72    1.0169 16.3     8.3    21.5   ]
 [ 4.      3.8    12.      0.79    1.0159 13.3     9.1    16.9   ]
 [ 6.      3.3    10.      0.81    1.0184 12.7     7.7    17.9   ]]
1.0
[[ 7.      4.6    14.      0.9     1.0086 11.3     7.3    14.8   ]
 [ 6.      4.8    16.      0.74    1.0178  9.7     6.8    13.    ]
 [ 7.      3.      9.      0.77    1.023  12.      6.2    16.9   ]
 [ 7.      2.6     8.      0.67    1.0179 15.7    10.9    21.    ]
 [ 7.      3.9    13.      0.72    1.0111 15.9    11.8    21.3   ]
 [ 7.      5.3    14.      0.69    1.0099 13.2     9.3    16.1   ]
 [ 4.      3.2    10.      0.7     1.0122 11.6     5.5    16.4   ]]
1.0
[[ 5.      1.      5.      0.68    1.0147 10.6     2.8    15.7   ]
 [ 7.      1.9    10.      0.71    1.0141 12.2     5.9    17.4   ]
 [ 5.      3.3    10.      0.7     1.0196 12.7     6.3    16.3   ]
 [ 7.      2.2     6.      0.67    1.0191 14.1     9.4    17.9   ]
 [ 6.      2.      7.      0.72    1.0158 14.3     6.7    20.4   ]
 [ 4.      2.3     9.      0.61    1.0152 15.8     6.9    21.8   ]
 [ 7.      2.6     9.      0.75    1.0092 17.1    12.2    24.4   ]]
1.0
[[ 5.      2.2     9.      0.85    1.0064 15.5    10.2    20.4   ]
 [ 7.      2.4     9.      0.92    1.0091 15.1    13.2    19.    ]
 [ 7.      3.5    10.      0.8     1.0232 13.2    10.8    15.2   ]
 [ 5.      1.6     6.      0.71    1.0272 13.7     5.6    19.3   ]
 [ 6.      3.     10.      0.67    1.0192 17.      8.     23.6   ]
 [ 5.      3.     10.      0.7     1.015  14.9    11.     19.2   ]
 [ 7.      3.8    12.      0.75    1.0162 14.1    10.7    17.7   ]]
1.0
[[ 5.      1.7     5.      0.7     1.0199 15.8    10.9    21.4   ]
 [ 4.      2.      6.      0.7     1.0216 18.3     9.6    24.2   ]
 [ 3.      3.5     9.      0.62    1.0244 18.8    11.7    24.8   ]
 [ 5.      3.8     9.      0.56    1.0179 21.5    12.4    28.6   ]
 [ 7.      4.2    14.      0.76    1.012  19.8    16.6    24.5   ]
 [ 6.      4.     12.      0.72    1.0173 18.8    14.5    23.5   ]
 [ 5.      3.2    10.      0.73    1.021  19.9    14.4    25.6   ]]
1.0
[[ 6.      2.8    11.      0.76    1.0198 19.4    16.     23.3   ]
 [ 3.      3.3    11.      0.72    1.0259 18.2    13.6    22.2   ]
 [ 6.      1.6     6.      0.76    1.028  18.4    11.3    23.1   ]
 [ 1.      4.     10.      0.68    1.0201 20.7    12.8    26.    ]
 [ 1.      5.2    14.      0.51    1.0123 22.7    14.6    29.    ]
 [ 3.      3.8    12.      0.53    1.0117 25.2    16.3    31.6   ]
 [ 6.      2.8     9.      0.64    1.0086 24.7    19.3    31.2   ]]
1.0
[[ 7.      3.     11.      0.82    1.0042 20.7    17.7    27.    ]
 [ 8.      3.8    11.      0.97    1.0083 17.5    17.     18.7   ]
 [ 7.      3.3     9.      0.81    1.0137 17.4    13.8    21.7   ]
 [ 7.      4.3    13.      0.8     1.008  18.3    14.3    24.7   ]
 [ 6.      7.8    21.      0.75    1.0077 16.5    12.7    20.2   ]
 [ 6.      4.9    13.      0.84    1.0096 15.3    12.3    19.8   ]
 [ 6.      3.5    16.      0.86    1.0079 15.2    11.5    20.4   ]]
1.0
[[ 7.      1.8     6.      0.93    1.0066 13.8    10.5    16.7   ]
 [ 6.      1.9     8.      0.84    1.0149 14.1     8.5    20.    ]
 [ 4.      1.6     7.      0.73    1.0167 14.6     7.3    19.8   ]
 [ 6.      3.8    11.      0.74    1.0085 16.4     8.6    22.4   ]
 [ 7.      4.6    13.      0.88    0.9987 15.7    13.8    20.    ]
 [ 6.      3.3    11.      0.88    1.0004 15.7    13.2    20.    ]
 [ 6.      3.3    12.      0.86    1.0123 14.8     8.9    19.    ]]
1.0
[[ 7.      3.7    11.      0.89    1.0174 15.5     8.6    18.3   ]
 [ 5.      2.5     9.      0.81    1.0182 19.3    14.4    24.5   ]
 [ 7.      1.3     4.      0.85    1.0178 18.8    14.9    24.2   ]
 [ 3.      2.      6.      0.83    1.0177 19.3    13.4    24.9   ]
 [ 3.      1.8     6.      0.8     1.0194 19.7    13.2    25.5   ]
 [ 5.      2.3     6.      0.67    1.0179 22.     14.3    28.    ]
 [ 5.      2.5     7.      0.77    1.0171 21.6    15.8    28.7   ]]
1.0
[[ 2.      2.8     8.      0.8     1.0208 20.5    14.2    25.7   ]
 [ 3.      1.7     7.      0.76    1.0231 20.7    13.8    27.4   ]
 [ 2.      2.5     9.      0.74    1.0223 21.7    16.5    26.9   ]
 [ 5.      3.2    10.      0.81    1.022  19.5    14.6    24.4   ]
 [ 4.      2.7     8.      0.71    1.0247 17.4    13.5    22.1   ]
 [ 6.      3.     10.      0.73    1.0125 20.1    11.8    27.7   ]
 [ 6.      3.6    10.      0.83    1.0095 18.8    13.7    22.9   ]]
1.0
[[ 5.      3.7    10.      0.76    1.0147 17.3    11.3    21.7   ]
 [ 6.      3.8    11.      0.83    1.0148 15.8    10.5    20.1   ]
 [ 7.      3.9    11.      0.88    1.0109 17.3    10.2    21.9   ]
 [ 8.      4.2    12.      0.9     1.0065 18.2    15.1    22.7   ]
 [ 5.      6.1    17.      0.87    1.0037 16.1    13.7    19.5   ]
 [ 7.      2.8     9.      0.91    1.0119 15.     11.     19.9   ]
 [ 6.      2.7    11.      0.85    1.021  14.5    10.1    18.4   ]]
1.0
[[ 5.      3.5    11.      0.76    1.0248 16.3     8.8    21.3   ]
 [ 8.      4.7    18.      0.82    1.0174 16.4    14.5    18.7   ]
 [ 8.      4.     10.      0.9     1.0134 18.7    16.9    20.8   ]
 [ 1.      2.2     8.      0.79    1.0152 21.6    14.     28.6   ]
 [ 3.      2.5     8.      0.74    1.013  24.4    16.7    31.4   ]
 [ 5.      4.     13.      0.8     1.0141 19.5    11.9    22.6   ]
 [ 2.      2.4     7.      0.75    1.0189 17.9    10.9    23.7   ]]
1.0
[[ 6.      3.5    10.      0.8     1.0121 20.     15.1    24.9   ]
 [ 6.      4.3    15.      0.78    1.0075 19.9    16.8    23.8   ]
 [ 5.      2.5     9.      0.84    1.0147 17.7    11.9    23.4   ]
 [ 2.      1.9     7.      0.82    1.0202 18.5     9.5    24.8   ]
 [ 5.      1.7     7.      0.8     1.0218 21.2    14.5    28.2   ]
 [ 7.      1.9     5.      0.78    1.0194 22.6    17.7    29.5   ]
 [ 3.      1.5     7.      0.78    1.0173 23.     17.4    30.2   ]]
1.0
[[ 1.      2.      6.      0.74    1.0171 24.     16.1    31.1   ]
 [ 6.      2.8    10.      0.82    1.0159 22.5    18.3    30.    ]
 [ 4.      3.2    10.      0.77    1.0201 16.9    10.1    21.2   ]
 [ 3.      2.1     7.      0.8     1.0205 14.2     7.8    20.2   ]
 [ 5.      2.4     7.      0.79    1.0161 15.      7.8    21.2   ]
 [ 7.      2.      7.      0.82    1.0091 16.3    10.2    20.6   ]
 [ 7.      1.8     6.      0.91    1.009  15.9    13.6    19.6   ]]
1.0
[[ 5.      2.5    11.      0.86    1.0161 14.6     9.5    19.8   ]
 [ 7.      3.4     8.      0.95    1.0142 15.7     9.3    19.    ]
 [ 8.      2.8     9.      0.9     1.0102 15.8    12.8    18.2   ]
 [ 6.      3.8    16.      0.9     1.0095 13.8    11.9    17.2   ]
 [ 7.      3.5    11.      0.79    1.0171 14.5    12.5    18.2   ]
 [ 7.      2.2     8.      0.87    1.0137 15.1    12.8    19.8   ]
 [ 8.      4.3    15.      0.83    1.0121 15.     12.6    17.8   ]]
1.0
[[ 5.      5.4    16.      0.76    1.0075 13.2     8.4    16.7   ]
 [ 6.      3.7    14.      0.8     1.0087 11.8     9.1    16.5   ]
 [ 7.      4.4    15.      0.79    1.0116 13.     11.2    16.3   ]
 [ 7.      3.9    13.      0.77    1.0134 14.     11.2    17.2   ]
 [ 8.      3.3    12.      0.85    1.0129 15.1    13.1    17.4   ]
 [ 7.      3.5    15.      0.88    1.0018 12.8     8.6    17.6   ]
 [ 6.      2.3     9.      0.87    1.0066 12.7     9.     17.8   ]]
1.0
[[ 7.      4.     14.      0.87    1.0085 12.6     9.6    16.6   ]
 [ 5.      2.2    13.      0.93    1.0123 10.3     6.7    15.6   ]
 [ 6.      2.6     9.      0.92    1.012  11.      5.9    16.2   ]
 [ 7.      2.1     6.      0.9     1.0117 11.1     8.1    14.8   ]
 [ 8.      5.8    16.      0.94    1.002  11.2    10.1    12.    ]
 [ 8.      2.4     6.      0.9     1.0072 12.6    11.     15.6   ]
 [ 4.      3.     12.      0.85    1.0139 12.6     7.3    17.3   ]]
1.0
[[ 6.      3.     12.      0.85    1.0138 12.6     7.1    17.7   ]
 [ 7.      3.1     9.      0.87    1.0097 13.     11.6    15.8   ]
 [ 8.      2.5     7.      0.92    1.0127 12.8    11.1    15.8   ]
 [ 4.      1.1     5.      0.94    1.0168 11.1     6.2    17.5   ]
 [ 7.      2.1     7.      0.89    1.0177 12.5     8.3    17.9   ]
 [ 7.      3.5    10.      0.92    1.0135 15.4    12.6    18.6   ]
 [ 5.      2.8     7.      0.85    1.0144 16.     10.9    21.7   ]]
1.0
[[ 7.      2.5     7.      0.9     1.0106 14.8     9.7    19.1   ]
 [ 7.      4.1    12.      0.87    1.0102 16.3    14.4    19.2   ]
 [ 8.      6.7    16.      0.85    1.0032 16.9    15.6    18.4   ]
 [ 7.      5.     18.      0.9     1.0048 16.2    14.1    20.6   ]
 [ 6.      4.5    13.      0.85    1.0099 15.1    12.5    19.1   ]
 [ 6.      4.3    13.      0.89    1.0134 13.8    10.9    18.3   ]
 [ 4.      3.      8.      0.84    1.0101 13.8    10.3    18.7   ]]
1.0
[[ 5.      3.3     9.      0.88    1.0067 15.6    11.6    20.2   ]
 [ 7.      4.8    13.      0.83    1.0032 15.3    13.     18.    ]
 [ 4.      6.1    15.      0.76    1.0028 14.5    12.4    17.9   ]
 [ 6.      6.1    16.      0.82    1.0103 14.3    12.9    17.    ]
 [ 6.      5.6    14.      0.83    1.0221 14.     11.7    17.3   ]
 [ 7.      4.4    11.      0.89    1.0265 14.7    10.     16.6   ]
 [ 1.      2.4     6.      0.85    1.0248 14.5     8.3    20.2   ]]
1.0
[[ 1.      2.1     5.      0.89    1.0209 16.6    11.5    22.5   ]
 [ 5.      3.1     9.      0.9     1.0163 16.6    12.8    20.5   ]
 [ 5.      3.4    11.      0.86    1.0145 16.7    13.7    21.2   ]
 [ 5.      1.9     7.      0.82    1.0258 13.      7.5    17.5   ]
 [ 6.      3.1     8.      0.84    1.0201 14.      8.9    19.6   ]
 [ 7.      2.6     9.      0.9     1.0126 15.3    12.6    19.2   ]
 [ 7.      2.5     7.      0.92    1.0121 15.7    14.1    18.2   ]]
1.0
[[ 7.      3.1     8.      0.78    1.0057 15.1    12.5    21.1   ]
 [ 7.      3.7    10.      0.87    1.0023 13.9    12.2    15.5   ]
 [ 6.      3.9    12.      0.87    1.0109 12.      7.9    15.9   ]
 [ 8.      3.3     8.      0.96    1.0152 12.6     8.1    13.6   ]
 [ 6.      3.1     9.      0.95    1.0189 11.9     9.6    14.6   ]
 [ 6.      2.9     9.      0.92    1.0209 13.1     8.3    17.2   ]
 [ 6.      4.5    11.      0.87    1.0164 13.     10.7    15.6   ]]
1.0
[[ 6.      3.8    11.      0.91    1.0164 12.7     9.7    16.6   ]
 [ 5.      2.6     8.      0.92    1.024  11.2     6.1    16.5   ]
 [ 6.      4.3    12.      0.91    1.022  11.6     6.3    14.8   ]
 [ 3.      6.3    13.      0.79    1.0158 15.3    12.6    19.    ]
 [ 5.      5.7    18.      0.8     1.0169 11.8     7.7    15.3   ]
 [ 3.      2.3     9.      0.83    1.0351  8.1     3.5    13.4   ]
 [ 5.      2.2     7.      0.88    1.0388  9.2     3.     14.8   ]]
1.0
[[ 7.      2.1     6.      0.89    1.0317 10.6     6.     13.4   ]
 [ 7.      3.     10.      0.84    1.0218 10.3     7.7    11.5   ]
 [ 6.      2.7    11.      0.78    1.0219  7.9     3.1    11.7   ]
 [ 7.      4.8    12.      0.85    1.01   10.1     8.3    12.8   ]
 [ 7.      3.2    13.      0.86    1.0046  9.6     6.9    12.1   ]
 [ 7.      4.8    19.      0.86    0.9935  6.4     2.4     9.9   ]
 [ 4.      2.3    11.      0.9     1.018   2.3    -2.5     7.4   ]]
1.0
[[ 6.      3.3     8.      0.82    1.0296  2.8    -2.4     7.    ]
 [ 8.      2.4     8.      0.91    1.0232  6.5     2.5     8.9   ]
 [ 8.      2.5    11.      0.96    1.0139 10.      7.7    12.1   ]
 [ 6.      3.     12.      0.85    1.0193  5.5     1.9     8.6   ]
 [ 2.      2.5     8.      0.87    1.0306  3.2    -1.5     8.3   ]
 [ 4.      1.3     4.      0.97    1.0387  0.2    -4.3     4.9   ]
 [ 8.      1.2     5.      0.95    1.0388  8.3     3.5    11.3   ]]
1.0
[[ 8.      1.      4.      0.97    1.0343  7.8     5.1     9.7   ]
 [ 7.      1.5     5.      0.96    1.0253  7.      4.6     9.    ]
 [ 7.      0.8     3.      1.      1.0255  5.9     2.5     8.6   ]
 [ 7.      2.5     9.      0.93    1.0291  7.4     3.6     9.1   ]
 [ 7.      6.8    17.      0.9     1.0247  9.      7.4    10.5   ]
 [ 6.      4.7    19.      0.84    1.0151  7.1     2.7    11.4   ]
 [ 5.      2.9    11.      0.82    1.022   4.7     1.6     8.1   ]]
1.0
[[ 8.      2.3     7.      0.99    1.0204  7.6     4.5    10.6   ]
 [ 8.      3.3     8.      0.98    1.0155 10.7     8.     11.8   ]
 [ 6.      1.2     5.      0.96    1.0131  5.1    -0.7     8.9   ]
 [ 5.      3.3    15.      0.94    1.0093  3.8    -1.      8.    ]
 [ 5.      3.4    10.      0.86    1.014   6.3     3.8     9.4   ]
 [ 8.      4.6    11.      0.96    1.0128  8.5     5.2    11.2   ]
 [ 8.      2.8     8.      0.99    1.0103 11.7    10.8    12.7   ]]
1.0
[[ 7.      3.9    10.      0.97    1.015  11.7     6.2    13.5   ]
 [ 6.      2.      6.      0.97    1.0253  6.8     3.      8.7   ]
 [ 8.      1.8     6.      0.98    1.0213  8.5     7.1     9.8   ]
 [ 7.      5.2    15.      0.87    1.0118  9.5     8.2    11.    ]
 [ 7.      5.2    17.      0.9     1.0141  8.      4.1    12.1   ]
 [ 3.      3.3    19.      0.88    1.0288  6.     -0.8    10.8   ]
 [ 1.      1.      4.      0.95    1.0393  0.8    -2.6     7.8   ]]
1.0
[[ 2.      2.4     6.      0.95    1.0416  1.     -1.      5.2   ]
 [ 3.      2.6     7.      0.94    1.0419 -0.5    -2.      1.8   ]
 [ 3.      1.1     3.      0.9     1.0413  0.3    -3.1     5.6   ]
 [ 8.      1.3     5.      0.99    1.0369  4.4     1.2     7.5   ]
 [ 8.      2.9     7.      0.96    1.0331  4.      2.7     5.    ]
 [ 5.      3.9    11.      0.83    1.0358  2.     -3.1     4.7   ]
 [ 2.      3.1     7.      0.72    1.0418 -4.     -6.4    -1.2   ]]
1.0
[[ 7.      2.4     6.      0.89    1.0386 -1.2    -5.9     1.1   ]
 [ 3.      2.7     8.      0.92    1.0395 -0.7    -5.4     1.5   ]
 [ 4.      1.3     7.      0.98    1.0366 -0.3    -5.7     4.7   ]
 [ 7.      1.6     7.      0.98    1.0362  2.     -3.9     5.6   ]
 [ 7.      3.5    15.      0.91    1.0261  4.8     1.9     6.4   ]
 [ 5.      3.     11.      0.85    1.0257  1.4    -2.1     4.4   ]
 [ 7.      5.1    14.      0.92    1.0065  4.8     0.2     7.    ]]
1.0
[[ 5.      2.7    12.      0.93    1.0054  0.6    -3.      3.9   ]
 [ 3.      3.1    11.      0.81    1.0182 -2.6    -6.8    -0.4   ]
 [ 8.      7.2    16.      0.92    1.0036  3.9    -0.6     7.8   ]
 [ 6.      4.7    16.      0.87    0.9938  5.4     2.1     7.9   ]
 [ 6.      3.     13.      0.94    1.0026  1.1     0.3     2.4   ]
 [ 8.      5.6    15.      0.95    1.0031  3.2     0.1     7.4   ]
 [ 7.      7.7    22.      0.8     0.9969  6.4     2.7     8.1   ]]
1.0
[[ 7.      2.5    11.      0.96    0.9977  1.6    -1.7     3.4   ]
 [ 6.      3.     11.      0.93    1.0074 -0.2    -3.6     2.1   ]
 [ 3.      1.9    10.      0.91    1.0277 -0.1    -5.8     5.1   ]
 [ 5.      3.6    10.      0.97    1.0365 -0.2    -1.4     1.2   ]
 [ 7.      2.      7.      0.98    1.0351 -2.1    -4.1     0.    ]
 [ 2.      5.     10.      0.84    1.0342 -2.2    -5.3    -0.1   ]
 [ 0.      4.3    10.      0.58    1.0337 -3.4    -6.     -0.1   ]]
1.0
[[ 3.      2.6     5.      0.78    1.0365 -2.3    -5.5     1.9   ]
 [ 8.      1.5     4.      0.98    1.0351  1.5    -2.8     2.9   ]
 [ 8.      1.      4.      0.97    1.0344  2.6     1.3     5.    ]
 [ 6.      2.3     6.      0.93    1.0342  1.3    -3.      3.2   ]
 [ 0.      1.8     3.      0.95    1.0364 -1.3    -4.1     2.6   ]
 [ 6.      2.5     6.      0.92    1.0331 -0.5    -3.      2.    ]
 [ 8.      3.7     9.      0.94    1.0289  2.4     0.3     4.2   ]]
1.0
[[ 7.      3.1     8.      0.95    1.031   3.5     1.8     4.4   ]
 [ 1.      2.9     7.      0.86    1.0274  2.3    -0.4     6.7   ]
 [ 8.      3.2     7.      0.96    1.0251  2.6     1.4     4.    ]
 [ 8.      3.3    10.      0.96    1.016   4.      2.9     5.3   ]
 [ 6.      2.7     7.      0.95    1.0205  4.3     1.8     7.3   ]
 [ 8.      4.7     9.      0.95    1.0191  5.3     3.8     6.5   ]
 [ 7.      4.1    10.      0.95    1.018   4.8     1.7     7.7   ]]
1.0
